m1=2.0; m2=1.0; m3=0.3;
L1=2;L2=1.5;L3=0.5;
g=9.81;
P1=(m1+m2+m3)*L1*L1+(m2+m3)*L2*L3+m3*L3*L3;
P2=(m2+m3)*L1*L2;
P3=m3*L2*L3;
P4=m3*L1*L3;
P5=(m2+m3)*L2*L2+m3*L3;
P6=m3*L3*L3;
P7=(m1+m2+m3)*g*L1;
P8=(m2+m3)*g*L2;
P9=m3*g*L3;
